30
  10001    2200      21
  10003    2300      12
  10004    1390       5
  10005    3900      24
  10007    3700      28
  10009    3400      22
  20000    2000      20
  20001    1900      13
  20002    1250       3
  20003    2900      14
  20005    3250      18
  20006    3050      30
  20007    3300      25
  20008    1500       4
  30000    1550      10
  30002    2700      11
  30005    3200      27
  30006    2500      26
  30008    3100      29
  40000    2400      19
  40001    1200       1
  40002    1300       2
  40003    1800       8
  40004    3000      23
  40005    2600      17
  40007    1700       6
  40008    1600       9
  50001    1730       7
  50002    2230      15
  50003    1870      16
