30
      1    1200   40001
      2    1300   40002
      3    1250   20002
      4    1500   20008
      5    1390   10004
      6    1700   40007
      7    1730   50001
      8    1800   40003
      9    1600   40008
     10    1550   30000
     11    2700   30002
     12    2300   10003
     13    1900   20001
     14    2900   20003
     15    2230   50002
     16    1870   50003
     17    2600   40005
     18    3250   20005
     19    2400   40000
     20    2000   20000
     21    2200   10001
     22    3400   10009
     23    3000   40004
     24    3900   10005
     25    3300   20007
     26    2500   30006
     27    3200   30005
     28    3700   10007
     29    3100   30008
     30    3050   20006
